1727625489.4271595
1727625491.4219332
1727625491.5621848
1727625491.6133783
1727625491.6800702
1727625491.737268
1727625491.7990346
1727625491.8318179
1727625491.864058
1727625491.8940408
1727625491.9245727
1727625491.9980893
1727625492.0297377
1727625492.0988274
1727625492.128301
1727625492.1584015
1727625492.2131166
1727625492.2426846
1727625492.2731814
1727625492.303315
1727625492.3339355
1727625492.3644524
1727625492.4303184
1727625492.4606395
1727625492.528572
1727625492.5607562
1727625492.592342
1727625492.6242235
1727625492.6563966
1727625492.6890564
1727625492.721404
1727625492.7539184
1727625492.8192315
1727625492.8495145
1727625492.8820817
1727625492.9124305
1727625492.9430337
1727625492.9739897
1727625493.0051374
1727625493.036141
1727625493.0663528
1727625493.0972567
1727625493.1270506
1727625493.158102
1727625493.1890159
1727625493.258968
1727625493.290644
1727625493.3226893
1727625493.3542793
1727625493.3842452
1727625493.4140613
1727625493.4834123
1727625493.515469
1727625493.5460858
1727625493.5751147
1727625493.6053631
1727625493.6356518
1727625493.6653152
1727625493.6954732
1727625493.726395
1727625493.7568183
1727625493.7875457
1727625493.8176184
1727625493.87715
1727625493.907292
1727625493.9378288
1727625494.0044703
1727625494.033922
1727625494.0638697
1727625494.0931523
1727625494.1237125
1727625494.1540947
1727625494.1839843
1727625494.2131662
1727625494.2430484
1727625494.2733161
1727625494.3036833
1727625494.3332565
1727625494.363061
1727625494.3927782
1727625494.4230006
1727625494.4898887
1727625494.5195632
1727625494.5492702
1727625494.5799298
1727625494.6098723
1727625494.6410878
1727625494.7131357
1727625494.7454364
1727625494.7776258
1727625494.8097954
1727625494.8424902
1727625494.9095147
1727625494.940019
1727625494.9707906
1727625495.0001335
1727625495.0307477
1727625495.0978856
1727625495.1291437
1727625495.1587236
1727625495.188911
1727625495.2537863
1727625495.2848732
1727625495.3158824
1727625495.3476357
1727625495.3787637
1727625495.40946
1727625495.4407227
1727625495.5090659
1727625495.5413716
1727625495.574175
1727625495.6048324
1727625495.634757
1727625495.6925364
1727625495.723047
1727625495.7532253
1727625495.7841644
1727625495.8498855
1727625495.9127367
1727625495.944325
1727625496.009819
1727625496.0400786
1727625496.0966785
1727625496.1262603
1727625496.1564918
1727625496.1857903
1727625496.2422786
1727625496.2726257
1727625496.3018672
1727625496.3315158
1727625496.3609252
1727625496.4286282
1727625496.4602308
1727625496.4920485
1727625496.5620828
1727625496.5940108
1727625496.6258624
1727625496.657694
1727625496.6891415
1727625496.7183893
1727625496.7837882
1727625496.8133662
1727625496.8436024
1727625496.8741806
1727625496.9048362
1727625496.9349394
1727625496.9655561
1727625496.9950588
1727625497.025967
1727625497.0995328
1727625497.1298308
1727625497.1610284
1727625497.1923192
1727625497.2235632
1727625497.2535207
1727625497.2850614
1727625497.3154614
1727625497.3447807
1727625497.375015
1727625497.404268
1727625497.4340425
1727625497.4637985
1727625497.4937832
1727625497.5248294
1727625497.554571
1727625497.585258
1727625497.6496181
1727625497.6786966
1727625497.709231
1727625497.7391887
1727625497.7693017
1727625497.7990792
1727625497.8287656
1727625497.8592575
1727625497.893683
1727625497.923811
1727625497.953137
1727625497.9836197
1727625498.0132878
1727625498.0439122
1727625498.0747263
1727625498.1047833
1727625498.1743937
1727625498.2059097
1727625498.2367463
1727625498.2671838
1727625498.337836
1727625498.3702009
1727625498.4024432
1727625498.4323711
1727625498.4616587
1727625498.5293722
1727625498.5597363
1727625498.5903873
1727625498.6219225
1727625498.6539552
1727625498.7234168
1727625498.7561443
1727625498.7884848
1727625498.8196926
1727625498.84932
1727625498.8790274
1727625498.9092426
1727625498.9392364
1727625498.9696198
1727625498.9996061
1727625499.0293207
1727625499.0600822
1727625499.1292353
1727625499.1600072
1727625499.190485
1727625499.2206857
1727625499.251251
1727625499.2809608
1727625499.3109727
1727625499.3414495
1727625499.370557
1727625499.4003887
1727625499.4299617
1727625499.4601748
1727625499.4898188
1727625499.51947
1727625499.5498428
1727625499.6176956
1727625499.649004
1727625499.6802394
1727625499.711245
1727625499.7414305
1727625499.770843
1727625499.8394477
1727625499.8689559
1727625499.8989851
1727625499.9292157
1727625499.9602842
1727625500.0292108
1727625500.0862865
1727625500.118723
1727625500.1510458
1727625500.2195919
1727625500.2505672
1727625500.2811508
1727625500.3128967
1727625500.3449693
1727625500.3764255
1727625500.4071798
1727625500.4379485
1727625500.4683037
1727625500.4986145
1727625500.5288517
1727625500.56014
1727625500.5910778
1727625500.6222064
1727625500.6538022
1727625500.6847684
1727625500.716161
1727625500.747162
1727625500.7786677
1727625500.8104079
1727625500.8410277
1727625500.909353
1727625500.940162
1727625500.972345
1727625501.0040936
1727625501.03498
1727625501.094698
1727625501.1271172
1727625501.1577017
1727625501.1875172
1727625501.2170274
1727625501.2471764
1727625501.2775707
1727625501.306702
1727625501.3361132
1727625501.4046826
1727625501.4340656
1727625501.464394
1727625501.4943905
1727625501.5245116
1727625501.5544863
1727625501.585314
1727625501.6145518
1727625501.645864
1727625501.6753685
1727625501.7059147
1727625501.7356331
1727625501.7660081
1727625501.7959003
1727625501.8642375
1727625501.9210532
1727625501.9523168
1727625501.9839287
1727625502.0539331
1727625502.0860016
1727625502.118167
1727625502.1504521
1727625502.1827445
1727625502.2144675
1727625502.2448874
1727625502.2983057
1727625502.3283856
1727625502.3582413
1727625502.389036
1727625502.4550288
1727625502.5175698
1727625502.5478184
1727625502.5782714
1727625502.607452
1727625502.6373386
1727625502.708571
1727625502.741354
1727625502.7739549
1727625502.8044748
1727625502.8382657
1727625502.86913
1727625502.8995106
1727625502.9305732
1727625502.9621272
1727625502.9926813
1727625503.0240476
1727625503.0551765
1727625503.1243033
1727625503.1544125
1727625503.1845083
1727625503.2151053
1727625503.2454574
1727625503.2757022
1727625503.344531
1727625503.3747523
1727625503.4051259
1727625503.4705658
1727625503.500294
1727625503.53102
1727625503.5615747
1727625503.5920372
1727625503.6230104
1727625503.653464
1727625503.6833882
1727625503.714273
1727625503.7445886
1727625503.773817
1727625503.8440626
1727625503.8743837
1727625503.9044986
1727625503.9347565
1727625503.9665935
1727625503.997545
1727625504.0285792
1727625504.0950313
1727625504.1582422
1727625504.1903868
1727625504.2554133
1727625504.2852383
1727625504.3157392
1727625504.346161
1727625504.3762047
1727625504.4068875
1727625504.437216
1727625504.4676764
1727625504.498711
1727625504.5292819
1727625504.5591722
1727625504.6173453
1727625504.6475267
1727625504.6774957
1727625504.7070372
1727625504.737363
1727625504.7668366
1727625504.7967303
1727625504.8268166
1727625504.8568451
1727625504.8874211
1727625504.9168878
1727625504.9478118
1727625504.9771671
1727625505.0080657
1727625505.0632565
1727625505.0933397
1727625505.12362
1727625505.1539385
1727625505.1848304
1727625505.216269
1727625505.247816
1727625505.2778382
1727625505.3082602
1727625505.338672
1727625505.3692355
1727625505.399617
1727625505.4301758
1727625505.4599764
1727625505.4897451
1727625505.519209
1727625505.549762
1727625505.5802493
1727625505.6100426
1727625505.6400945
1727625505.6704648
1727625505.7014945
1727625505.7327924
1727625505.7645867
1727625505.830251
1727625505.8603325
1727625505.8906085
1727625505.920663
1727625505.989187
1727625506.0192857
1727625506.0849228
1727625506.1155422
1727625506.1454268
1727625506.1761723
1727625506.2053945
1727625506.2736864
1727625506.3033478
1727625506.3335583
1727625506.3648627
1727625506.4327512
1727625506.4619098
1727625506.4931347
1727625506.522292
1727625506.5519385
1727625506.6142862
1727625506.6453187
1727625506.6765316
1727625506.706413
1727625506.7361104
1727625506.7660754
1727625506.795916
1727625506.8259356
1727625506.8558962
1727625506.8859138
1727625506.9164293
1727625506.9461117
1727625506.976262
1727625507.0060647
1727625507.0359476
1727625507.066499
1727625507.0976577
1727625507.1268559
1727625507.1565664
1727625507.1864417
1727625507.2176604
1727625507.2479131
1727625507.2782915
1727625507.3087533
1727625507.3438306
1727625507.4138792
1727625507.445402
1727625507.4781163
1727625507.5084734
1727625507.5383792
1727625507.5691822
1727625507.599988
1727625507.629998
1727625507.659941
1727625507.6899676
1727625507.7595482
1727625507.7894056
1727625507.8196783
1727625507.8499093
1727625507.9153464
1727625507.9444795
1727625507.9744596
1727625508.0047214
1727625508.0349054
1727625508.066334
1727625508.09645
1727625508.1571374
1727625508.1872215
1727625508.2184951
1727625508.249323
1727625508.2790873
1727625508.309023
1727625508.339906
1727625508.3698452
1727625508.4012506
1727625508.4316692
1727625508.4999158
1727625508.5298245
1727625508.5602448
1727625508.590695
1727625508.6581461
1727625508.6898818
1727625508.721097
1727625508.7534952
1727625508.7852125
1727625508.8185644
1727625508.850895
1727625508.8837845
1727625508.9128883
1727625508.943309
1727625508.974961
1727625509.005184
1727625509.0358639
1727625509.066803
1727625509.1379929
1727625509.1898232
1727625509.2587826
1727625509.2890306
1727625509.3191276
1727625509.3490076
1727625509.3789601
1727625509.4093106
1727625509.4398158
1727625509.508884
1727625509.540893
1727625509.5725954
1727625509.6035736
1727625509.6348786
1727625509.6648903
1727625509.695488
1727625509.7641158
1727625509.7947392
1727625509.824127
1727625509.8930104
1727625509.9241657
1727625509.9556293
1727625509.9881644
1727625510.020971
1727625510.053828
1727625510.0866373
1727625510.1192298
1727625510.1517932
1727625510.1844645
1727625510.2168608
1727625510.248798
1727625510.315382
1727625510.3464432
1727625510.3762643
1727625510.4067845
1727625510.4375846
1727625510.468488
1727625510.4984438
1727625510.5648766
1727625510.5947611
1727625510.6242776
1727625510.6547837
1727625510.6849828
1727625510.715047
1727625510.7449207
1727625510.7746546
1727625510.8046575
1727625510.8350492
1727625510.8653367
1727625510.8953843
1727625510.9259741
1727625510.9876144
1727625511.0180902
1727625511.0480082
1727625511.0781565
1727625511.1080399
1727625511.1380548
1727625511.1689134
1727625511.198501
1727625511.2292466
1727625511.258612
1727625511.288682
1727625511.3187978
1727625511.349244
1727625511.3811517
1727625511.411659
1727625511.4416804
1727625511.472491
1727625511.5037115
1727625511.5347717
1727625511.5651276
1727625511.5955958
1727625511.6260457
1727625511.6865115
1727625511.7164483
1727625511.7497754
1727625511.7807624
1727625511.810968
1727625511.840914
1727625511.8715875
1727625511.9022906
1727625511.9618216
1727625511.9913416
1727625512.0218825
1727625512.0538437
1727625512.0851262
1727625512.1159728
1727625512.147074
1727625512.2190976
1727625512.2485945
1727625512.278598
1727625512.3078778
1727625512.3388057
1727625512.369433
1727625512.3994818
1727625512.430027
1727625512.4604757
1727625512.4906068
1727625512.5216494
1727625512.552141
1727625512.5817828
1727625512.6412609
1727625512.6720304
1727625512.7021034
1727625512.7327595
1727625512.7991412
1727625512.8284433
1727625512.8580427
1727625512.8882504
1727625512.9189165
1727625512.9482424
1727625512.9782147
1727625513.0077338
1727625513.0382593
1727625513.0678017
1727625513.097859
1727625513.1277235
1727625513.1571057
1727625513.1876278
1727625513.2168555
1727625513.24658
1727625513.2767587
1727625513.306757
1727625513.3372438
1727625513.3664722
1727625513.4223905
1727625513.4512825
1727625513.483017
1727625513.5121062
1727625513.5417256
1727625513.57191
1727625513.60119
1727625513.631593
1727625513.6608818
1727625513.7248712
1727625513.7865825
1727625513.8181117
1727625513.8500695
1727625513.883072
1727625513.9151406
1727625513.9468336
1727625513.9774044
1727625514.0076945
1727625514.0388887
1727625514.0686414
1727625514.0993917
1727625514.1288097
1727625514.1585662
1727625514.1896136
1727625514.254352
1727625514.284447
1727625514.3158154
1727625514.34803
1727625514.3781815
1727625514.4082716
1727625514.4389513
1727625514.4687424
1727625514.4992557
1727625514.5638947
1727625514.5962832
1727625514.6275826
1727625514.6578937
1727625514.6895256
1727625514.7585533
1727625514.7908707
1727625514.847488
1727625514.8771002
1727625514.9077263
1727625514.9387941
1727625514.968346
1727625514.998483
1727625515.0286748
1727625515.0587034
1727625515.08968
1727625515.1577756
1727625515.1901386
1727625515.25909
1727625515.2922535
1727625515.3599832
1727625515.3910477
1727625515.4589856
1727625515.515311
1727625515.5467582
1727625515.6098921
1727625515.6399162
1727625515.6694176
1727625515.7005255
1727625515.7308872
1727625515.7608516
1727625515.7925825
1727625515.8233337
1727625515.8536232
1727625515.8835785
1727625515.9140403
1727625515.9441502
1727625515.9755714
1727625516.0075696
1727625516.0383232
1727625516.068405
1727625516.0983531
1727625516.127751
1727625516.1587822
1727625516.1895316
1727625516.2586536
1727625516.2906256
1727625516.3225424
1727625516.3893368
1727625516.4187324
1727625516.4481418
1727625516.4776082
1727625516.5078444
1727625516.537793
1727625516.6042967
1727625516.6607363
1727625516.7184646
1727625516.749626
1727625516.8116972
1727625516.8445244
1727625516.8764431
1727625516.9458275
1727625516.975904
1727625517.007669
1727625517.037106
1727625517.0666752
1727625517.097652
1727625517.127856
1727625517.1592963
1727625517.190323
1727625517.2568073
1727625517.2865336
1727625517.3519814
1727625517.381622
1727625517.4110377
1727625517.4417546
1727625517.5049875
1727625517.5352921
1727625517.5647008
1727625517.5948472
1727625517.6251328
1727625517.694466
1727625517.725538
1727625517.7564864
1727625517.7868748
1727625517.8175824
1727625517.848166
1727625517.8780298
1727625517.9094286
1727625517.9416442
1727625518.0095785
1727625518.0523937
1727625518.0823562
1727625518.112055
1727625518.142063
1727625518.1719093
1727625518.2387245
1727625518.2701347
1727625518.3009908
1727625518.3309345
1727625518.3611276
1727625518.3922017
1727625518.422014
1727625518.4531503
1727625518.4842803
1727625518.5160837
1727625518.54799
1727625518.5781095
1727625518.6091049
1727625518.6387968
1727625518.6695697
1727625518.699543
1727625518.729921
1727625518.761167
1727625518.7922132
1727625518.8224883
1727625518.8534906
1727625518.8841295
1727625518.9143074
1727625518.9450417
1727625518.9763486
1727625519.0058386
1727625519.0368369
1727625519.0666065
1727625519.096589
1727625519.1269948
1727625519.1582873
1727625519.1881468
1727625519.2193787
1727625519.2500446
1727625519.315236
1727625519.345196
1727625519.3757038
1727625519.4068835
1727625519.4383862
1727625519.4688172
1727625519.4994655
1727625519.5291538
1727625519.5599215
1727625519.6285172
1727625519.6712897
1727625519.7007215
1727625519.730172
1727625519.7603674
1727625519.8246648
1727625519.8550043
1727625519.8849323
1727625519.9538724
1727625519.9864192
1727625520.0184488
1727625520.0491319
1727625520.0792065
1727625520.1100328
1727625520.1399372
1727625520.1707885
1727625520.2352655
1727625520.265479
1727625520.3244557
1727625520.3565679
1727625520.3886063
1727625520.419415
1727625520.449061
1727625520.5138571
1727625520.5456672
1727625520.5777588
1727625520.6096988
1727625520.6410942
1727625520.6724145
1727625520.7038863
1727625520.735243
1727625520.7673206
1727625520.797266
1727625520.8284757
1727625520.8601992
1727625520.890663
1727625520.9214208
1727625520.952628
1727625520.9840264
1727625521.0156937
1727625521.0467088
1727625521.118244
1727625521.150216
1727625521.2205236
1727625521.2500055
1727625521.2799168
1727625521.3102891
1727625521.3397782
1727625521.3695095
1727625521.399285
1727625521.4295745
1727625521.4986708
1727625521.5287313
1727625521.5594122
1727625521.5886524
1727625521.618481
1727625521.6480281
1727625521.6788068
1727625521.7096367
1727625521.771047
1727625521.8123853
1727625521.8429108
1727625521.9123113
1727625521.97296
1727625522.0236592
1727625522.0578735
1727625522.091989
1727625522.126202
1727625522.1968129
1727625522.2290697
1727625522.2617283
1727625522.2943058
1727625522.3264391
1727625522.3581154
1727625522.389852
1727625522.4217744
1727625522.4533114
1727625522.4840527
1727625522.5146492
1727625522.5447907
1727625522.5746064
1727625522.63244
1727625522.6625066
1727625522.6933212
1727625522.7227063
1727625522.752505
1727625522.782041
1727625522.8121414
1727625522.8416207
1727625522.8713803
1727625522.9008753
1727625522.9313116
1727625522.962401
1727625522.9930234
1727625523.0235157
1727625523.0541759
1727625523.0849624
1727625523.115748
1727625523.147115
1727625523.1781476
1727625523.2088552
1727625523.2397037
1727625523.307164
1727625523.337539
