1729249548.8560083
1729249551.8150446
1729249552.4334917
1729249552.5714395
1729249552.615967
1729249552.6692245
1729249552.7178102
1729249552.7729037
1729249552.8841054
1729249552.9298909
1729249552.9810483
1729249553.0312245
1729249553.079277
1729249553.128828
1729249553.1759927
1729249553.2244651
1729249553.2743556
1729249553.3236294
1729249553.3738384
1729249553.4209814
1729249553.4674091
1729249553.5199578
1729249553.6335504
1729249553.6769514
1729249553.7278328
1729249553.7765312
1729249553.8280337
1729249553.8756592
1729249553.9483888
1729249553.9920192
1729249554.0404062
1729249554.0909054
1729249554.1407294
1729249554.1895673
1729249554.2370121
1729249554.2851355
1729249554.3340273
1729249554.3821578
1729249554.4301038
1729249554.478109
1729249554.5844567
1729249554.6364117
1729249554.7531066
1729249554.7986135
1729249554.845659
1729249554.8962417
1729249554.9457712
1729249554.9931207
1729249555.0787761
1729249555.1222093
1729249555.171846
1729249555.2198153
1729249555.2699733
1729249555.3186064
1729249555.368373
1729249555.4178543
1729249555.467745
1729249555.5178308
1729249555.5682724
1729249555.6179888
1729249555.7113097
1729249555.8130019
1729249555.857116
1729249555.9077997
1729249555.9582405
1729249556.0182688
1729249556.064888
1729249556.1136959
1729249556.1612842
1729249556.2511125
1729249556.296618
1729249556.345778
1729249556.3944054
1729249556.4425385
1729249556.5306432
1729249556.5797846
1729249556.6281195
1729249556.6763783
1729249556.7256231
1729249556.7759554
1729249556.822451
1729249556.8994305
1729249556.9431212
1729249556.9930658
1729249557.0425744
1729249557.0909133
1729249557.1431189
1729249557.1930463
1729249557.2409303
1729249557.3125567
1729249557.3596559
1729249557.4105976
1729249557.4598186
1729249557.5079558
1729249557.5556312
1729249557.6036987
1729249557.6552603
1729249557.7054756
1729249557.7533395
1729249557.8061008
1729249557.8595822
1729249557.9121196
1729249557.9846864
1729249558.0273366
1729249558.0774844
1729249558.1269147
1729249558.177198
1729249558.224796
1729249558.2769103
1729249558.3265972
1729249558.4267626
1729249558.4731038
1729249558.5226626
1729249558.5742717
1729249558.6200986
1729249558.6689649
1729249558.7157838
1729249558.7637775
1729249558.8108888
1729249558.8588293
1729249558.9080353
1729249558.958435
1729249559.075453
1729249559.1205637
1729249559.1716425
1729249559.2205727
1729249559.2699506
1729249559.3179057
1729249559.3704686
1729249559.4156904
1729249559.4980729
1729249559.5454578
1729249559.5945761
1729249559.6441174
1729249559.6932905
1729249559.743033
1729249559.7914174
1729249559.8385096
1729249559.8866575
1729249559.9379032
1729249560.0002816
1729249560.044641
1729249560.136966
1729249560.179752
1729249560.228826
1729249560.2794003
1729249560.3283305
1729249560.376512
1729249560.4417553
1729249560.5600824
1729249560.6055846
1729249560.6542718
1729249560.7022893
1729249560.7499208
1729249560.7980044
1729249560.84597
1729249560.8957374
1729249560.9444065
1729249560.9925687
1729249561.0423088
1729249561.0925138
1729249561.139943
1729249561.2283359
1729249561.2723489
1729249561.3228974
1729249561.372139
1729249561.4199803
1729249561.4796898
1729249561.525303
1729249561.5741744
1729249561.6447608
1729249561.6891203
1729249561.7415724
1729249561.7903042
1729249561.8379166
1729249561.8844151
1729249561.93377
1729249561.9870036
1729249562.0375555
1729249562.0850708
1729249562.153587
1729249562.197196
1729249562.29624
1729249562.3401005
1729249562.3892105
1729249562.4419944
1729249562.4898534
1729249562.5420518
1729249562.590015
1729249562.6380293
1729249562.7337394
1729249562.7811882
1729249562.830014
1729249562.880511
1729249562.9294324
1729249562.9785562
1729249563.028006
1729249563.076568
1729249563.1238244
1729249563.170475
1729249563.2233138
1729249563.333617
1729249563.3787715
1729249563.4263413
1729249563.4767697
1729249563.5228546
1729249563.5692537
1729249563.6194422
1729249563.6681767
1729249563.714955
1729249563.76134
1729249563.8470087
1729249563.8921647
1729249563.9435976
1729249563.9917183
1729249564.0418415
1729249564.0897913
1729249564.1384938
1729249564.1871755
1729249564.2355297
1729249564.2870915
1729249564.3358076
1729249564.3817348
1729249564.4526706
1729249564.4987938
1729249564.5522652
1729249564.6001031
1729249564.6481063
1729249564.6969686
1729249564.7467875
1729249564.7954443
1729249564.8426833
1729249564.9355898
1729249564.9816048
1729249565.0304937
1729249565.0799928
1729249565.127493
1729249565.1754162
1729249565.223878
1729249565.2771559
1729249565.3270032
1729249565.385193
1729249565.4282227
1729249565.514171
1729249565.558186
1729249565.6079645
1729249565.6581748
1729249565.706794
1729249565.754696
1729249565.8063712
1729249565.856916
1729249565.9050453
1729249565.9996116
1729249566.0454917
1729249566.0950377
1729249566.143489
1729249566.1933072
1729249566.2432823
1729249566.2953434
1729249566.344854
1729249566.391327
1729249566.4388099
1729249566.4928682
1729249566.543005
1729249566.6202624
1729249566.6681917
1729249566.718666
1729249566.768252
1729249566.8173258
1729249566.8802283
1729249566.9216225
1729249567.001467
1729249567.045628
1729249567.0955262
1729249567.1463258
1729249567.1939816
1729249567.242213
1729249567.2918165
1729249567.3420575
1729249567.3896723
1729249567.4381979
1729249567.486541
1729249567.550689
1729249567.5929163
1729249567.6626565
1729249567.709517
1729249567.7572415
1729249567.8071182
1729249567.8557572
1729249567.9035497
1729249567.9550405
1729249568.000829
1729249568.1083167
1729249568.1527534
1729249568.201034
1729249568.2514794
1729249568.2993205
1729249568.3481328
1729249568.3967679
1729249568.445887
1729249568.494214
1729249568.5448089
1729249568.5931702
1729249568.6422763
1729249568.7998872
1729249568.8444161
1729249568.89499
1729249568.947638
1729249568.9990292
1729249569.050119
1729249569.096318
1729249569.1936781
1729249569.2378652
1729249569.2875812
1729249569.3365736
1729249569.387533
1729249569.4365113
1729249569.4862945
1729249569.5387363
1729249569.587597
1729249569.635601
1729249569.68493
1729249569.7367587
1729249569.7845135
1729249569.9087927
1729249569.95319
1729249570.0043914
1729249570.0515282
1729249570.107626
1729249570.2170284
1729249570.261901
1729249570.3128011
1729249570.361336
1729249570.4124618
1729249570.4596617
1729249570.5101852
1729249570.557597
1729249570.6090164
1729249570.6570532
1729249570.703961
1729249570.7561083
1729249570.8065193
1729249570.8535357
1729249570.9479024
1729249570.9919467
1729249571.0424235
1729249571.0923684
1729249571.143129
1729249571.1910503
1729249571.2417963
1729249571.2871807
1729249571.3857195
1729249571.4293659
1729249571.4812357
1729249571.5355134
1729249571.583231
1729249571.63506
1729249571.6857233
1729249571.7334673
1729249571.7799184
1729249571.8309343
1729249571.8825881
1729249571.9640577
1729249572.0435753
1729249572.086702
1729249572.1381004
1729249572.1874938
1729249572.233526
1729249572.2930496
1729249572.4105582
1729249572.457276
1729249572.507736
1729249572.5558555
1729249572.6042488
1729249572.6550689
1729249572.704938
1729249572.7535806
1729249572.8007967
1729249572.8491993
1729249572.8967657
1729249572.94941
1729249573.0522046
1729249573.0982146
1729249573.148624
1729249573.1991158
1729249573.246326
1729249573.2959597
1729249573.347926
1729249573.397635
1729249573.47839
1729249573.5241783
1729249573.572451
1729249573.6208582
1729249573.669795
1729249573.7179482
1729249573.765722
1729249573.814529
1729249573.8611288
1729249573.9109874
1729249573.9641018
1729249574.0138054
1729249574.0929756
1729249574.1388435
1729249574.1910834
1729249574.2411804
1729249574.287904
1729249574.337376
1729249574.3907819
1729249574.4415567
1729249574.5188777
1729249574.564029
1729249574.6158943
1729249574.6690953
1729249574.7205908
1729249574.768172
1729249574.8185248
1729249574.8801134
1729249574.9274218
1729249574.9740787
1729249575.0256405
1729249575.0756054
1729249575.1600344
1729249575.2048397
1729249575.2544003
1729249575.3025377
1729249575.3530114
1729249575.4389358
1729249575.49082
1729249575.5420365
1729249575.62988
1729249575.674685
1729249575.725313
1729249575.7738347
1729249575.822884
1729249575.871693
1729249575.9215524
1729249575.9703534
1729249576.054255
1729249576.118865
1729249576.2521162
1729249576.297052
1729249576.3457692
1729249576.3950636
1729249576.4473488
1729249576.497262
1729249576.5640278
1729249576.6658955
1729249576.710918
1729249576.7611265
1729249576.8088915
1729249576.8570116
1729249576.9059687
1729249576.953805
1729249577.0015771
1729249577.0513113
1729249577.0994747
1729249577.1491504
1729249577.1994333
1729249577.2466736
1729249577.3413281
1729249577.3857808
1729249577.4346106
1729249577.4846077
1729249577.5763588
1729249577.6423929
1729249578.1901665
1729249578.2639809
1729249578.308764
1729249578.3807378
1729249578.4252548
1729249578.4766881
1729249578.5245757
1729249578.5706391
1729249578.6171799
1729249578.664674
1729249578.7154534
1729249578.7602243
1729249578.8592448
1729249578.9011781
1729249578.9505498
1729249578.9977503
1729249579.04672
1729249579.0969844
1729249579.1442487
1729249579.1908216
1729249579.281956
1729249579.330415
1729249579.4547367
1729249579.4990706
1729249579.5470989
1729249579.594087
1729249579.6417277
1729249579.6891935
1729249579.7377331
1729249579.787128
1729249579.893219
1729249579.936207
1729249579.985058
1729249580.0310447
1729249580.0826108
1729249580.1850684
1729249580.2304833
1729249580.2789156
1729249580.3265536
1729249580.3978882
1729249580.4441519
1729249580.5261545
1729249580.569482
1729249580.6171856
1729249580.6643467
1729249580.71194
1729249580.7619066
1729249580.8376687
1729249580.8829327
1729249580.9757385
1729249581.0183072
1729249581.0677526
1729249581.1195755
1729249581.1693633
1729249581.2197952
1729249581.2675047
1729249581.3164852
1729249581.412085
1729249581.4841242
1729249581.5279424
1729249581.6094995
1729249581.6533918
1729249581.703434
1729249581.7532141
1729249581.8026946
1729249581.850896
1729249581.9008477
1729249581.9475996
1729249582.0340214
1729249582.0796967
1729249582.128306
1729249582.1763065
1729249582.2244985
1729249582.275697
1729249582.323578
1729249582.3702905
1729249582.4178543
1729249582.4657989
1729249582.5167198
1729249582.5675883
1729249582.6175933
1729249582.688307
1729249582.7302382
1729249582.7778978
1729249582.8278675
1729249582.8790464
1729249582.9380195
1729249582.9815588
1729249583.0520923
1729249583.0954535
1729249583.1450195
1729249583.1929862
1729249583.2418332
1729249583.3386629
1729249583.3891542
1729249583.4366534
1729249583.4846172
1729249583.5336905
1729249583.585844
1729249583.6325252
1729249583.7249331
1729249583.7682004
1729249583.8162909
1729249583.8622167
1729249583.91058
1729249583.9579976
1729249584.0215201
1729249584.0648694
1729249584.1520143
1729249584.1962087
1729249584.2446856
1729249584.2927625
1729249584.3420703
1729249584.3932624
1729249584.443048
1729249584.4905736
1729249584.5410523
1729249584.5897412
1729249584.6372626
1729249584.6851423
1729249584.792687
1729249584.8357244
1729249584.885885
1729249584.9779007
1729249585.0257437
1729249585.0807035
1729249585.1660097
1729249585.215774
1729249585.2904487
1729249585.3336344
1729249585.3839362
1729249585.4311013
1729249585.48255
1729249585.5309563
1729249585.5813217
1729249585.6575987
1729249585.709833
1729249585.7594008
1729249585.8072712
1729249585.914623
1729249585.9588888
1729249586.00853
1729249586.056813
1729249586.1031806
1729249586.1520648
1729249586.2192507
1729249586.2625246
1729249586.35344
1729249586.3962965
1729249586.4450262
1729249586.4948094
1729249586.5435958
1729249586.5899978
1729249586.6364987
1729249586.685577
1729249586.7324083
1729249586.7776356
1729249586.8304715
1729249586.9380982
1729249586.9810808
1729249587.0289862
1729249587.075425
1729249587.1224048
1729249587.1659918
1729249587.2139697
1729249587.2619712
1729249587.3074965
1729249587.43044
1729249587.4736297
1729249587.525076
1729249587.5713582
1729249587.6174054
1729249587.6641278
1729249587.7085192
1729249587.7917242
1729249587.8992596
1729249587.949566
1729249588.0267968
1729249588.069934
1729249588.1185343
1729249588.1653817
1729249588.213463
1729249588.258463
1729249588.3050702
1729249588.3551967
1729249588.450672
1729249588.5204833
1729249588.5634108
1729249588.6135092
1729249588.6571767
1729249588.7430444
1729249588.788762
1729249588.83406
1729249588.8792353
1729249588.9273508
1729249588.98697
1729249589.0297196
1729249589.1085029
1729249589.151091
1729249589.1978493
1729249589.2466779
1729249589.355226
1729249589.4135137
1729249589.458853
1729249589.5044389
1729249589.5782738
1729249589.6214204
1729249589.670319
1729249589.7191634
1729249589.764658
1729249589.8134038
1729249589.8619747
1729249589.9544249
1729249590.0026605
1729249590.0535262
1729249590.146821
1729249590.2346122
1729249590.2778947
1729249590.325856
1729249590.3720393
1729249590.4188125
1729249590.4678147
1729249590.531707
1729249590.576387
1729249590.6488438
1729249590.6920831
1729249590.7392776
1729249590.7878907
1729249590.8874905
1729249590.9965606
1729249591.0472584
1729249591.0977175
1729249591.1443048
1729249591.2288795
1729249591.270493
1729249591.318738
1729249591.365213
1729249591.4111238
1729249591.4562235
1729249591.5576289
1729249591.6041532
1729249591.6995165
1729249591.744755
1729249591.792094
1729249591.8377419
1729249591.88386
1729249591.9282553
1729249591.973137
1729249592.021097
1729249592.067126
1729249592.112564
1729249592.1729078
1729249592.2157419
1729249592.3104866
1729249592.3843803
1729249592.4286518
1729249592.4773872
1729249592.523638
1729249592.5694058
1729249592.6194856
1729249592.6677125
1729249592.7648032
1729249592.8094454
1729249592.858698
1729249592.9051611
1729249592.9510686
1729249593.007626
1729249593.0527227
1729249593.097583
1729249593.1438007
1729249593.1886082
1729249593.259493
1729249593.3032403
1729249593.4004626
1729249593.4433365
1729249593.4917343
1729249593.538318
1729249593.584651
1729249593.6302946
1729249593.6770244
1729249593.743261
1729249593.7866874
1729249593.8558214
1729249593.9019856
1729249593.9492185
1729249593.9956145
1729249594.0820668
1729249594.1265583
1729249594.2149987
1729249594.2624636
1729249594.3202388
1729249594.3640072
1729249594.4732997
1729249594.5180633
1729249594.5656383
1729249594.613532
1729249594.660482
1729249594.7084963
1729249594.7532985
1729249594.8017395
1729249594.8893507
1729249594.932668
1729249594.9809253
1729249595.0300984
1729249595.0776973
1729249595.1237917
1729249595.171009
1729249595.2178245
1729249595.2637744
1729249595.3111594
1729249595.3959055
1729249595.4427698
1729249595.5135496
1729249595.5579038
1729249595.6051672
1729249595.6509416
1729249595.6980796
1729249595.7451046
1729249595.7918885
1729249595.8386
1729249595.885547
1729249595.955501
1729249595.999219
1729249596.0487926
1729249596.0954566
1729249596.1401007
1729249596.1848204
1729249596.2294338
1729249596.2740078
1729249596.3192828
1729249596.3649323
1729249596.411292
1729249596.4611247
1729249596.5846608
1729249596.6285605
1729249596.6769748
1729249596.7235713
